#NDIM
2 
#PRIM
1.73205081  1.0 0.0
1.73205081 -1.0 0.0
0.00000000  0.0 1.0
#SUPER
{nx} 0 
0 {ny}
#ORB
s0  0.57735027  1.0  0.0
s0  1.73205081  1.0  0.0
#HAMILT                   tup  tdn   U
0 1  1.15470054  0.0 0.0  {t}  {t}  0.0 
1 0  0.57735027  1.0 0.0  {t}  {t}  0.0
0 1 -0.57735027  1.0 0.0  {t}  {t}  0.0
0 0  0.00000000  0.0 0.0  0.0  0.0  {u}
1 1  0.00000000  0.0 0.0  0.0  0.0  {u}
#SYMM
c6  1.15470054  0.0  0.0  0.0  0.0  1.0
c3  0.57735027  1.0  0.0  0.0  0.0  1.0
d   0.00000000  0.0  0.0  0.0  1.0  0.0
i   1.15470054  0.0  0.0 
#PHASE
1 0
0 1
s0 -0.57735027  1.0  0.0  1.0
s0  0.57735027  1.0  0.0 -1.0
#BONDS   
0 0  0.0  0.0    0.0  # 1
1 1  0.0  0.0    0.0  # 2
#PAIR    
            1    2   
s-wave     1.0  1.0
#END